>> runGaussSeidel
x1 = -2.892337551029794e-01
x2 = 3.454357631085858e-01
x3 = -7.128117054250090e-01
x4 = -2.206084917720635e-01
x5 = -4.304004137150014e-01
x6 = 1.543087743636601e-01
x7 = -5.782284802659016e-02
x8 = 2.010538992340034e-01
x9 = 2.902286680179116e-01
迭代步数 = 22